,sto_loc,LU,GMRES
0,[0. 0. 0. 0. 0. 0. 0. 0. 0. 0.],,1
1,"[-0.015625 -0.171875 -0.046875 -0.015625 -0.390625  0.390625 -0.140625
  0.453125 -0.328125  0.015625]",,4
2,"[ 0.015625  0.171875  0.046875  0.015625  0.390625 -0.390625  0.140625
 -0.453125  0.328125 -0.015625]",,4
3,"[-0.03125 -0.34375 -0.09375 -0.03125  0.21875 -0.21875 -0.28125 -0.09375
  0.34375  0.03125]",,5
4,"[ 0.03125  0.34375  0.09375  0.03125 -0.21875  0.21875  0.28125  0.09375
 -0.34375 -0.03125]",,5
5,"[ 0.078125 -0.140625  0.234375  0.078125 -0.046875  0.046875 -0.296875
 -0.265625 -0.359375 -0.078125]",,5
6,"[-0.078125  0.140625 -0.234375 -0.078125  0.046875 -0.046875  0.296875
  0.265625  0.359375  0.078125]",,4
7,"[ 0.09375  0.03125  0.28125  0.09375  0.34375 -0.34375 -0.15625  0.28125
 -0.03125 -0.09375]",,5
8,"[-0.09375 -0.03125 -0.28125 -0.09375 -0.34375  0.34375  0.15625 -0.28125
  0.03125  0.09375]",,5
9,"[-0.0625  0.3125 -0.1875 -0.0625  0.4375 -0.4375  0.4375 -0.1875 -0.3125
  0.0625]",,4
10,"[ 0.0625 -0.3125  0.1875  0.0625 -0.4375  0.4375 -0.4375  0.1875  0.3125
 -0.0625]",,4
11,"[ 0.046875 -0.484375  0.140625  0.046875  0.171875 -0.171875  0.421875
 -0.359375 -0.015625 -0.046875]",,4
12,"[-0.046875  0.484375 -0.140625 -0.046875 -0.171875  0.171875 -0.421875
  0.359375  0.015625  0.046875]",,4
13,"[-0.109375 -0.203125 -0.328125 -0.109375  0.265625 -0.265625  0.015625
  0.171875 -0.296875  0.109375]",,5
14,"[ 0.109375  0.203125  0.328125  0.109375 -0.265625  0.265625 -0.015625
 -0.171875  0.296875 -0.109375]",,5
15,[ 0.125  0.375  0.375  0.125  0.125 -0.125  0.125  0.375 -0.375 -0.125],,5
16,[-0.125 -0.375 -0.375 -0.125 -0.125  0.125 -0.125 -0.375  0.375  0.125],,5
17,"[ 0.171875 -0.109375 -0.484375  0.171875  0.296875 -0.296875 -0.453125
  0.015625 -0.390625 -0.171875]",,5
18,"[-0.171875  0.109375  0.484375 -0.171875 -0.296875  0.296875  0.453125
 -0.015625  0.390625  0.171875]",,5
19,"[ 0.1875  0.0625 -0.4375  0.1875 -0.3125  0.3125 -0.3125 -0.4375 -0.0625
 -0.1875]",,5
20,"[-0.1875 -0.0625  0.4375 -0.1875  0.3125 -0.3125  0.3125  0.4375  0.0625
  0.1875]",,5
21,"[ 0.15625 -0.28125  0.46875  0.15625 -0.09375  0.09375  0.40625  0.46875
  0.28125 -0.15625]",,5
22,"[-0.15625  0.28125 -0.46875 -0.15625  0.09375 -0.09375 -0.40625 -0.46875
 -0.28125  0.15625]",,5
23,"[-0.203125 -0.234375  0.390625 -0.203125 -0.078125  0.078125  0.171875
 -0.109375 -0.265625  0.203125]",,6
24,"[ 0.203125  0.234375 -0.390625  0.203125  0.078125 -0.078125 -0.171875
  0.109375  0.265625 -0.203125]",,5
25,"[ 0.140625 -0.453125  0.421875  0.140625 -0.484375  0.484375  0.265625
 -0.078125 -0.046875 -0.140625]",,4
26,"[-0.140625  0.453125 -0.421875 -0.140625  0.484375 -0.484375 -0.265625
  0.078125  0.046875  0.140625]",,4
27,"[-0.28125 -0.09375  0.15625 -0.28125 -0.03125  0.03125  0.46875  0.15625
  0.09375  0.28125]",,6
28,"[ 0.28125  0.09375 -0.15625  0.28125  0.03125 -0.03125 -0.46875 -0.15625
 -0.09375 -0.28125]",,6
29,"[-0.265625  0.078125  0.203125 -0.265625  0.359375 -0.359375 -0.390625
 -0.296875  0.421875  0.265625]",,5
30,"[ 0.265625 -0.078125 -0.203125  0.265625 -0.359375  0.359375  0.390625
  0.296875 -0.421875 -0.265625]",,5
31,[ 0.25 -0.25 -0.25  0.25  0.25 -0.25  0.25 -0.25  0.25 -0.25],,6
32,[-0.25  0.25  0.25 -0.25 -0.25  0.25 -0.25  0.25 -0.25  0.25],,5
33,"[-0.234375  0.421875  0.296875 -0.234375  0.140625 -0.140625 -0.109375
 -0.203125  0.078125  0.234375]",,5
34,"[ 0.234375 -0.421875 -0.296875  0.234375 -0.140625  0.140625  0.109375
  0.203125 -0.078125 -0.234375]",,5
35,"[ 0.21875  0.40625 -0.34375  0.21875  0.46875 -0.46875 -0.03125 -0.34375
 -0.40625 -0.21875]",,6
36,"[-0.21875 -0.40625  0.34375 -0.21875 -0.46875  0.46875  0.03125  0.34375
  0.40625  0.21875]",,6
37,"[-0.359375  0.046875 -0.078125 -0.359375  0.015625 -0.015625 -0.234375
  0.421875  0.453125  0.359375]",,6
38,"[ 0.359375 -0.046875  0.078125  0.359375 -0.015625  0.015625  0.234375
 -0.421875 -0.453125 -0.359375]",,6
39,"[ 0.296875  0.265625 -0.109375  0.296875  0.421875 -0.421875 -0.328125
  0.390625  0.234375 -0.296875]",,6
40,"[-0.296875 -0.265625  0.109375 -0.296875 -0.421875  0.421875  0.328125
 -0.390625 -0.234375  0.296875]",,6
41,"[ 0.34375 -0.21875  0.03125  0.34375 -0.40625  0.40625  0.09375  0.03125
  0.21875 -0.34375]",,6
42,"[-0.34375  0.21875 -0.03125 -0.34375  0.40625 -0.40625 -0.09375 -0.03125
 -0.21875  0.34375]",,6
43,"[ 0.3125  0.4375 -0.0625  0.3125 -0.1875  0.1875 -0.1875 -0.0625 -0.4375
 -0.3125]",,6
44,"[-0.3125 -0.4375  0.0625 -0.3125  0.1875 -0.1875  0.1875  0.0625  0.4375
  0.3125]",,6
45,"[-0.328125  0.390625  0.015625 -0.328125 -0.203125  0.203125  0.046875
 -0.484375  0.109375  0.328125]",,6
46,"[ 0.328125 -0.390625 -0.015625  0.328125  0.203125 -0.203125 -0.046875
  0.484375 -0.109375 -0.328125]",,5
47,[ 0.375  0.125  0.125  0.375  0.375 -0.375  0.375  0.125 -0.125 -0.375],,7
48,[-0.375 -0.125 -0.125 -0.375 -0.375  0.375 -0.375 -0.125  0.125  0.375],,6
49,"[-0.390625 -0.296875 -0.171875 -0.390625  0.234375 -0.234375  0.484375
  0.328125 -0.203125  0.390625]",,7
50,"[ 0.390625  0.296875  0.171875  0.390625 -0.234375  0.234375 -0.484375
 -0.328125  0.203125 -0.390625]",,6
51,"[ 0.453125 -0.015625  0.359375  0.453125  0.328125 -0.328125  0.078125
 -0.140625 -0.484375 -0.453125]",,7
52,"[-0.453125  0.015625 -0.359375 -0.453125 -0.328125  0.328125 -0.078125
  0.140625  0.484375  0.453125]",,6
53,"[ 0.4375 -0.1875  0.3125  0.4375 -0.0625  0.0625 -0.0625  0.3125  0.1875
 -0.4375]",,6
54,"[-0.4375  0.1875 -0.3125 -0.4375  0.0625 -0.0625  0.0625 -0.3125 -0.1875
  0.4375]",,6
55,"[ 0.40625  0.46875  0.21875  0.40625  0.15625 -0.15625 -0.34375  0.21875
 -0.46875 -0.40625]",,7
56,"[-0.40625 -0.46875 -0.21875 -0.40625 -0.15625  0.15625  0.34375 -0.21875
  0.46875  0.40625]",,6
57,"[ 0.421875 -0.359375  0.265625  0.421875 -0.453125  0.453125 -0.203125
 -0.234375 -0.140625 -0.421875]",,6
58,"[-0.421875  0.359375 -0.265625 -0.421875  0.453125 -0.453125  0.203125
  0.234375  0.140625  0.421875]",,6
59,"[-0.46875 -0.15625 -0.40625 -0.46875  0.28125 -0.28125 -0.21875 -0.40625
  0.15625  0.46875]",,7
60,"[ 0.46875  0.15625  0.40625  0.46875 -0.28125  0.28125  0.21875  0.40625
 -0.15625 -0.46875]",,6
61,"[ 0.484375  0.328125  0.453125  0.484375  0.109375 -0.109375  0.359375
 -0.046875  0.171875 -0.484375]",,7
62,"[-0.484375 -0.328125 -0.453125 -0.484375 -0.109375  0.109375 -0.359375
  0.046875 -0.171875  0.484375]",,7
63,[-0.5 -0.5 -0.5 -0.5 -0.5 -0.5 -0.5 -0.5 -0.5 -0.5],,7
