,sto_loc,LU,GMRES
0,[0. 0. 0. 0. 0. 0. 0. 0. 0. 0.],,1
1,"[ 0.0078125  0.0859375  0.0234375 -0.4921875  0.1953125  0.3046875
 -0.4296875 -0.2265625 -0.3359375  0.4921875]",,4
2,"[-0.0078125 -0.0859375 -0.0234375  0.4921875 -0.1953125 -0.3046875
  0.4296875  0.2265625  0.3359375 -0.4921875]",,4
3,"[-0.015625 -0.171875 -0.046875 -0.015625 -0.390625  0.390625 -0.140625
  0.453125 -0.328125  0.015625]",,5
4,"[ 0.015625  0.171875  0.046875  0.015625  0.390625 -0.390625  0.140625
 -0.453125  0.328125 -0.015625]",,5
5,"[-0.04296875  0.02734375  0.37109375  0.20703125  0.42578125  0.32421875
 -0.13671875 -0.25390625  0.34765625  0.29296875]",,5
6,"[ 0.04296875 -0.02734375 -0.37109375 -0.20703125 -0.42578125 -0.32421875
  0.13671875  0.25390625 -0.34765625 -0.29296875]",,5
7,"[-0.05078125 -0.05859375  0.34765625 -0.30078125  0.23046875  0.01953125
  0.29296875 -0.02734375 -0.31640625 -0.19921875]",,5
8,"[ 0.05078125  0.05859375 -0.34765625  0.30078125 -0.23046875 -0.01953125
 -0.29296875  0.02734375  0.31640625  0.19921875]",,4
9,"[ 0.03125  0.34375  0.09375  0.03125 -0.21875  0.21875  0.28125  0.09375
 -0.34375 -0.03125]",,6
10,"[-0.03125 -0.34375 -0.09375 -0.03125  0.21875 -0.21875 -0.28125 -0.09375
  0.34375  0.03125]",,5
11,"[-0.02734375  0.19921875  0.41796875  0.22265625 -0.18359375 -0.06640625
  0.00390625  0.29296875 -0.32421875  0.27734375]",,5
12,"[ 0.02734375 -0.19921875 -0.41796875 -0.22265625  0.18359375  0.06640625
 -0.00390625 -0.29296875  0.32421875 -0.27734375]",,5
13,"[-0.0234375 -0.2578125 -0.0703125  0.4765625  0.4140625  0.0859375
  0.2890625 -0.3203125  0.0078125 -0.4765625]",,5
14,"[ 0.0234375  0.2578125  0.0703125 -0.4765625 -0.4140625 -0.0859375
 -0.2890625  0.3203125 -0.0078125  0.4765625]",,5
15,"[-0.078125  0.140625 -0.234375 -0.078125  0.046875 -0.046875  0.296875
  0.265625  0.359375  0.078125]",,5
16,"[ 0.078125 -0.140625  0.234375  0.078125 -0.046875  0.046875 -0.296875
 -0.265625 -0.359375 -0.078125]",,5
17,"[ 0.05859375  0.14453125 -0.32421875 -0.19140625 -0.03515625  0.28515625
  0.27734375 -0.19921875 -0.01953125 -0.30859375]",,5
18,"[-0.05859375 -0.14453125  0.32421875  0.19140625  0.03515625 -0.28515625
 -0.27734375  0.19921875  0.01953125  0.30859375]",,5
19,"[ 0.03515625 -0.11328125 -0.39453125  0.28515625  0.37890625  0.37109375
 -0.43359375  0.48046875 -0.01171875  0.21484375]",,5
20,"[-0.03515625  0.11328125  0.39453125 -0.28515625 -0.37890625 -0.37109375
  0.43359375 -0.48046875  0.01171875 -0.21484375]",,4
21,"[-0.09375 -0.03125 -0.28125 -0.09375 -0.34375  0.34375  0.15625 -0.28125
  0.03125  0.09375]",,6
22,"[ 0.09375  0.03125  0.28125  0.09375  0.34375 -0.34375 -0.15625  0.28125
 -0.03125 -0.09375]",,5
23,"[-0.01953125  0.28515625  0.44140625 -0.26953125  0.01171875  0.23828125
 -0.42578125  0.06640625  0.33984375 -0.23046875]",,5
24,"[ 0.01953125 -0.28515625 -0.44140625  0.26953125 -0.01171875 -0.23828125
  0.42578125 -0.06640625 -0.33984375  0.23046875]",,5
25,"[-0.13671875 -0.00390625  0.08984375  0.11328125  0.08203125 -0.33203125
  0.01953125  0.46484375  0.37890625  0.38671875]",,6
26,"[ 0.13671875  0.00390625 -0.08984375 -0.11328125 -0.08203125  0.33203125
 -0.01953125 -0.46484375 -0.37890625 -0.38671875]",,6
27,"[-0.0859375  0.0546875 -0.2578125  0.4140625 -0.1484375 -0.3515625
 -0.2734375  0.4921875 -0.3046875 -0.4140625]",,5
28,"[ 0.0859375 -0.0546875  0.2578125 -0.4140625  0.1484375  0.3515625
  0.2734375 -0.4921875  0.3046875  0.4140625]",,5
29,"[-0.01171875  0.37109375  0.46484375  0.23828125  0.20703125 -0.45703125
  0.14453125 -0.16015625  0.00390625  0.26171875]",,6
30,"[ 0.01171875 -0.37109375 -0.46484375 -0.23828125 -0.20703125  0.45703125
 -0.14453125  0.16015625 -0.00390625 -0.26171875]",,6
31,"[-0.0703125  0.2265625 -0.2109375  0.4296875  0.2421875  0.2578125
 -0.1328125  0.0390625  0.0234375 -0.4296875]",,5
32,"[ 0.0703125 -0.2265625  0.2109375 -0.4296875 -0.2421875 -0.2578125
  0.1328125 -0.0390625 -0.0234375  0.4296875]",,5
33,"[-0.06640625 -0.23046875  0.30078125 -0.31640625 -0.16015625  0.41015625
  0.15234375  0.42578125  0.35546875 -0.18359375]",,5
34,"[ 0.06640625  0.23046875 -0.30078125  0.31640625  0.16015625 -0.41015625
 -0.15234375 -0.42578125 -0.35546875  0.18359375]",,5
35,"[-0.0625  0.3125 -0.1875 -0.0625  0.4375 -0.4375  0.4375 -0.1875 -0.3125
  0.0625]",,4
36,"[ 0.0625 -0.3125  0.1875  0.0625 -0.4375  0.4375 -0.4375  0.1875  0.3125
 -0.0625]",,4
37,"[-0.12890625  0.08203125  0.11328125 -0.37890625  0.27734375 -0.02734375
 -0.41015625  0.23828125  0.04296875 -0.12109375]",,6
38,"[ 0.12890625 -0.08203125 -0.11328125  0.37890625 -0.27734375  0.02734375
  0.41015625 -0.23828125 -0.04296875  0.12109375]",,5
39,"[ 0.046875 -0.484375  0.140625  0.046875  0.171875 -0.171875  0.421875
 -0.359375 -0.015625 -0.046875]",,5
40,"[-0.046875  0.484375 -0.140625 -0.046875 -0.171875  0.171875 -0.421875
  0.359375  0.015625  0.046875]",,5
41,"[ 0.0390625  0.4296875  0.1171875 -0.4609375 -0.0234375 -0.4765625
 -0.1484375 -0.1328125  0.3203125  0.4609375]",,6
42,"[-0.0390625 -0.4296875 -0.1171875  0.4609375  0.0234375  0.4765625
  0.1484375  0.1328125 -0.3203125 -0.4609375]",,6
43,"[-0.12109375  0.16796875  0.13671875  0.12890625  0.47265625  0.27734375
  0.16015625  0.01171875 -0.29296875  0.37109375]",,6
44,"[ 0.12109375 -0.16796875 -0.13671875 -0.12890625 -0.47265625 -0.27734375
 -0.16015625 -0.01171875  0.29296875 -0.37109375]",,5
45,"[-0.1015625 -0.1171875 -0.3046875  0.3984375  0.4609375  0.0390625
 -0.4140625 -0.0546875  0.3671875 -0.3984375]",,6
46,"[ 0.1015625  0.1171875  0.3046875 -0.3984375 -0.4609375 -0.0390625
  0.4140625  0.0546875 -0.3671875  0.3984375]",,6
47,"[ 0.00390625 -0.45703125 -0.48828125  0.25390625 -0.40234375  0.15234375
  0.28515625  0.38671875  0.33203125  0.24609375]",,6
48,"[-0.00390625  0.45703125  0.48828125 -0.25390625  0.40234375 -0.15234375
 -0.28515625 -0.38671875 -0.33203125 -0.24609375]",,6
49,"[-0.109375 -0.203125 -0.328125 -0.109375  0.265625 -0.265625  0.015625
  0.171875 -0.296875  0.109375]",,6
50,"[ 0.109375  0.203125  0.328125  0.109375 -0.265625  0.265625 -0.015625
 -0.171875  0.296875 -0.109375]",,6
51,"[-0.15234375 -0.17578125  0.04296875  0.09765625 -0.30859375  0.05859375
 -0.12109375 -0.08203125  0.05078125  0.40234375]",,6
52,"[ 0.15234375  0.17578125 -0.04296875 -0.09765625  0.30859375 -0.05859375
  0.12109375  0.08203125 -0.05078125 -0.40234375]",,6
53,"[ 0.14453125  0.08984375 -0.06640625  0.39453125  0.11328125 -0.36328125
 -0.44921875  0.30859375  0.28515625  0.10546875]",,6
54,"[-0.14453125 -0.08984375  0.06640625 -0.39453125 -0.11328125  0.36328125
  0.44921875 -0.30859375 -0.28515625 -0.10546875]",,6
55,"[-0.07421875 -0.31640625  0.27734375  0.17578125 -0.35546875  0.10546875
 -0.41796875 -0.34765625 -0.30859375  0.32421875]",,6
56,"[ 0.07421875  0.31640625 -0.27734375 -0.17578125  0.35546875 -0.10546875
  0.41796875  0.34765625  0.30859375 -0.32421875]",,6
57,"[-0.0546875  0.3984375 -0.1640625  0.4453125 -0.3671875 -0.1328125
  0.0078125 -0.4140625  0.3515625 -0.4453125]",,5
58,"[ 0.0546875 -0.3984375  0.1640625 -0.4453125  0.3671875  0.1328125
 -0.0078125  0.4140625 -0.3515625  0.4453125]",,5
59,"[ 0.10546875 -0.33984375 -0.18359375 -0.14453125  0.13671875  0.11328125
 -0.30078125  0.44140625 -0.03515625 -0.35546875]",,5
60,"[-0.10546875  0.33984375  0.18359375  0.14453125 -0.13671875 -0.11328125
  0.30078125 -0.44140625  0.03515625  0.35546875]",,5
61,"[ 0.11328125 -0.25390625 -0.16015625  0.36328125  0.33203125  0.41796875
  0.26953125  0.21484375 -0.37109375  0.13671875]",,5
62,"[-0.11328125  0.25390625  0.16015625 -0.36328125 -0.33203125 -0.41796875
 -0.26953125 -0.21484375  0.37109375 -0.13671875]",,5
63,"[-0.08203125 -0.40234375  0.25390625 -0.33203125  0.44921875 -0.19921875
  0.01171875 -0.12109375  0.02734375 -0.16796875]",,6
64,"[ 0.08203125  0.40234375 -0.25390625  0.33203125 -0.44921875  0.19921875
 -0.01171875  0.12109375 -0.02734375  0.16796875]",,6
65,"[ 0.09765625 -0.42578125 -0.20703125  0.34765625 -0.05859375 -0.19140625
  0.12890625 -0.33203125  0.30078125  0.15234375]",,5
66,"[-0.09765625  0.42578125  0.20703125 -0.34765625  0.05859375  0.19140625
 -0.12890625  0.33203125 -0.30078125 -0.15234375]",,5
67,"[-0.1171875 -0.2890625 -0.3515625  0.3828125  0.0703125  0.4296875
  0.4453125  0.3984375  0.0390625 -0.3828125]",,7
68,"[ 0.1171875  0.2890625  0.3515625 -0.3828125 -0.0703125 -0.4296875
 -0.4453125 -0.3984375 -0.0390625  0.3828125]",,6
69,"[ 0.23046875  0.03515625  0.19140625 -0.01953125  0.26171875 -0.01171875
 -0.17578125 -0.18359375 -0.41015625 -0.48046875]",,7
70,"[-0.23046875 -0.03515625 -0.19140625  0.01953125 -0.26171875  0.01171875
  0.17578125  0.18359375  0.41015625  0.48046875]",,7
71,"[ 0.1796875 -0.0234375 -0.4609375 -0.3203125  0.4921875  0.0078125
  0.1171875 -0.2109375  0.2734375  0.3203125]",,6
72,"[-0.1796875  0.0234375  0.4609375  0.3203125 -0.4921875 -0.0078125
 -0.1171875  0.2109375 -0.2734375 -0.3203125]",,6
73,"[-0.08984375 -0.48828125  0.23046875  0.16015625  0.25390625  0.49609375
  0.44140625  0.10546875  0.36328125  0.33984375]",,7
74,"[ 0.08984375  0.48828125 -0.23046875 -0.16015625 -0.25390625 -0.49609375
 -0.44140625 -0.10546875 -0.36328125 -0.33984375]",,6
75,[ 0.125  0.375  0.375  0.125  0.125 -0.125  0.125  0.375 -0.375 -0.125],,7
76,[-0.125 -0.375 -0.375 -0.125 -0.125  0.125 -0.125 -0.375  0.375  0.125],,7
77,"[-0.16015625 -0.26171875  0.01953125 -0.41015625  0.49609375 -0.24609375
  0.30859375  0.14453125  0.38671875 -0.08984375]",,7
78,"[ 0.16015625  0.26171875 -0.01953125  0.41015625 -0.49609375  0.24609375
 -0.30859375 -0.14453125 -0.38671875  0.08984375]",,6
79,"[-0.171875  0.109375  0.484375 -0.171875 -0.296875  0.296875  0.453125
 -0.015625  0.390625  0.171875]",,6
80,"[ 0.171875 -0.109375 -0.484375  0.171875  0.296875 -0.296875 -0.453125
  0.015625 -0.390625 -0.171875]",,6
81,"[-0.1875 -0.0625  0.4375 -0.1875  0.3125 -0.3125  0.3125  0.4375  0.0625
  0.1875]",,6
82,"[ 0.1875  0.0625 -0.4375  0.1875 -0.3125  0.3125 -0.3125 -0.4375 -0.0625
 -0.1875]",,6
83,"[ 0.21484375 -0.13671875  0.14453125 -0.03515625 -0.12890625  0.37890625
 -0.31640625  0.26953125  0.26171875 -0.46484375]",,7
84,"[-0.21484375  0.13671875 -0.14453125  0.03515625  0.12890625 -0.37890625
  0.31640625 -0.26953125 -0.26171875  0.46484375]",,6
85,"[ 0.22265625 -0.05078125  0.16796875  0.47265625  0.06640625 -0.31640625
  0.25390625  0.04296875 -0.07421875  0.02734375]",,7
86,"[-0.22265625  0.05078125 -0.16796875 -0.47265625 -0.06640625  0.31640625
 -0.25390625 -0.04296875  0.07421875 -0.02734375]",,7
87,"[ 0.16796875  0.34765625  0.00390625 -0.08203125 -0.30078125 -0.44921875
  0.26171875 -0.37109375  0.27734375 -0.41796875]",,7
88,"[-0.16796875 -0.34765625 -0.00390625  0.08203125  0.30078125  0.44921875
 -0.26171875  0.37109375 -0.27734375  0.41796875]",,7
89,"[ 0.1640625 -0.1953125  0.4921875 -0.3359375  0.1015625  0.3984375
 -0.0234375  0.2421875 -0.0546875  0.3359375]",,6
90,"[-0.1640625  0.1953125 -0.4921875  0.3359375 -0.1015625 -0.3984375
  0.0234375 -0.2421875  0.0546875 -0.3359375]",,6
91,"[ 0.15625 -0.28125  0.46875  0.15625 -0.09375  0.09375  0.40625  0.46875
  0.28125 -0.15625]",,6
92,"[-0.15625  0.28125 -0.46875 -0.15625  0.09375 -0.09375 -0.40625 -0.46875
 -0.28125  0.15625]",,6
93,"[-0.1953125 -0.1484375  0.4140625  0.3046875  0.1171875  0.3828125
 -0.2578125 -0.3359375  0.3984375 -0.3046875]",,7
94,"[ 0.1953125  0.1484375 -0.4140625 -0.3046875 -0.1171875 -0.3828125
  0.2578125  0.3359375 -0.3984375  0.3046875]",,6
95,"[ 0.2734375  0.0078125 -0.1796875 -0.2265625 -0.1640625 -0.3359375
 -0.0390625  0.0703125  0.2421875  0.2265625]",,7
96,"[-0.2734375 -0.0078125  0.1796875  0.2265625  0.1640625  0.3359375
  0.0390625 -0.0703125 -0.2421875 -0.2265625]",,7
97,"[ 0.17578125  0.43359375  0.02734375  0.42578125 -0.10546875 -0.14453125
 -0.16796875  0.40234375 -0.05859375  0.07421875]",,7
98,"[-0.17578125 -0.43359375 -0.02734375 -0.42578125  0.10546875  0.14453125
  0.16796875 -0.40234375  0.05859375 -0.07421875]",,7
99,"[-0.203125 -0.234375  0.390625 -0.203125 -0.078125  0.078125  0.171875
 -0.109375 -0.265625  0.203125]",,7
100,"[ 0.203125  0.234375 -0.390625  0.203125  0.078125 -0.078125 -0.171875
  0.109375  0.265625 -0.203125]",,7
101,"[ 0.19921875 -0.30859375  0.09765625 -0.05078125  0.48046875 -0.23046875
 -0.45703125 -0.27734375 -0.06640625 -0.44921875]",,6
102,"[-0.19921875  0.30859375 -0.09765625  0.05078125 -0.48046875  0.23046875
  0.45703125  0.27734375  0.06640625  0.44921875]",,6
103,"[ 0.20703125 -0.22265625  0.12109375  0.45703125 -0.32421875  0.07421875
  0.11328125  0.49609375 -0.40234375  0.04296875]",,6
104,"[-0.20703125  0.22265625 -0.12109375 -0.45703125  0.32421875 -0.07421875
 -0.11328125 -0.49609375  0.40234375 -0.04296875]",,6
105,"[ 0.18359375 -0.48046875  0.05078125 -0.06640625  0.08984375  0.16015625
  0.40234375  0.17578125 -0.39453125 -0.43359375]",,5
106,"[-0.18359375  0.48046875 -0.05078125  0.06640625 -0.08984375 -0.16015625
 -0.40234375 -0.17578125  0.39453125  0.43359375]",,6
107,"[-0.1484375  0.3671875 -0.4453125  0.3515625  0.2890625  0.2109375
  0.1640625  0.3046875  0.3828125 -0.3515625]",,6
108,"[ 0.1484375 -0.3671875  0.4453125 -0.3515625 -0.2890625 -0.2109375
 -0.1640625 -0.3046875 -0.3828125  0.3515625]",,5
109,"[-0.1328125 -0.4609375 -0.3984375  0.3671875 -0.3203125 -0.1796875
  0.3046875 -0.1484375 -0.2890625 -0.3671875]",,7
110,"[ 0.1328125  0.4609375  0.3984375 -0.3671875  0.3203125  0.1796875
 -0.3046875  0.1484375  0.2890625  0.3671875]",,7
111,"[-0.140625  0.453125 -0.421875 -0.140625  0.484375 -0.484375 -0.265625
  0.078125  0.046875  0.140625]",,5
112,"[ 0.140625 -0.453125  0.421875  0.140625 -0.484375  0.484375  0.265625
 -0.078125 -0.046875 -0.140625]",,5
113,"[-0.19140625  0.39453125 -0.07421875 -0.44140625 -0.28515625 -0.46484375
  0.02734375  0.05078125 -0.26953125 -0.05859375]",,6
114,"[ 0.19140625 -0.39453125  0.07421875  0.44140625  0.28515625  0.46484375
 -0.02734375 -0.05078125  0.26953125  0.05859375]",,6
115,"[-0.28125 -0.09375  0.15625 -0.28125 -0.03125  0.03125  0.46875  0.15625
  0.09375  0.28125]",,7
116,"[ 0.28125  0.09375 -0.15625  0.28125  0.03125 -0.03125 -0.46875 -0.15625
 -0.09375 -0.28125]",,7
117,"[-0.24609375 -0.20703125 -0.23828125  0.00390625  0.34765625  0.40234375
  0.03515625 -0.36328125  0.08203125  0.49609375]",,7
118,"[ 0.24609375  0.20703125  0.23828125 -0.00390625 -0.34765625 -0.40234375
 -0.03515625  0.36328125 -0.08203125 -0.49609375]",,7
119,"[-0.23828125 -0.12109375 -0.21484375 -0.48828125 -0.45703125 -0.29296875
 -0.39453125  0.41015625 -0.25390625 -0.01171875]",,7
120,"[ 0.23828125  0.12109375  0.21484375  0.48828125  0.45703125  0.29296875
  0.39453125 -0.41015625  0.25390625  0.01171875]",,7
121,"[-0.265625  0.078125  0.203125 -0.265625  0.359375 -0.359375 -0.390625
 -0.296875  0.421875  0.265625]",,7
122,"[ 0.265625 -0.078125 -0.203125  0.265625 -0.359375  0.359375  0.390625
  0.296875 -0.421875 -0.265625]",,7
123,"[ 0.2578125 -0.1640625 -0.2265625 -0.2421875  0.4453125  0.0546875
 -0.1796875 -0.4765625 -0.0859375  0.2421875]",,7
124,"[-0.2578125  0.1640625  0.2265625  0.2421875 -0.4453125 -0.0546875
  0.1796875  0.4765625  0.0859375 -0.2421875]",,7
125,"[-0.2109375 -0.3203125  0.3671875  0.2890625 -0.2734375 -0.2265625
 -0.3984375  0.1171875  0.0703125 -0.2890625]",,7
126,"[ 0.2109375  0.3203125 -0.3671875 -0.2890625  0.2734375  0.2265625
  0.3984375 -0.1171875 -0.0703125  0.2890625]",,7
127,[-0.25  0.25  0.25 -0.25 -0.25  0.25 -0.25  0.25 -0.25  0.25],,6
128,[ 0.25 -0.25 -0.25  0.25  0.25 -0.25  0.25 -0.25  0.25 -0.25],,6
129,"[-0.2890625 -0.1796875  0.1328125  0.2109375 -0.2265625 -0.2734375
 -0.1015625  0.3828125  0.4296875 -0.2109375]",,7
130,"[ 0.2890625  0.1796875 -0.1328125 -0.2109375  0.2265625  0.2734375
  0.1015625 -0.3828125 -0.4296875  0.2109375]",,7
131,"[-0.2421875  0.3359375  0.2734375  0.2578125 -0.0546875 -0.4453125
  0.3203125  0.0234375  0.4140625 -0.2578125]",,7
132,"[ 0.2421875 -0.3359375 -0.2734375 -0.2578125  0.0546875  0.4453125
 -0.3203125 -0.0234375 -0.4140625  0.2578125]",,6
133,"[-0.234375  0.421875  0.296875 -0.234375  0.140625 -0.140625 -0.109375
 -0.203125  0.078125  0.234375]",,6
134,"[ 0.234375 -0.421875 -0.296875  0.234375 -0.140625  0.140625  0.109375
  0.203125 -0.078125 -0.234375]",,6
135,"[ 0.26171875  0.37890625  0.28515625  0.01171875  0.04296875  0.20703125
  0.10546875 -0.08984375  0.24609375  0.48828125]",,8
136,"[-0.26171875 -0.37890625 -0.28515625 -0.01171875 -0.04296875 -0.20703125
 -0.10546875  0.08984375 -0.24609375 -0.48828125]",,7
137,"[ 0.25390625  0.29296875  0.26171875 -0.49609375 -0.15234375 -0.09765625
 -0.46484375  0.13671875 -0.41796875 -0.00390625]",,7
138,"[-0.25390625 -0.29296875 -0.26171875  0.49609375  0.15234375  0.09765625
  0.46484375 -0.13671875  0.41796875  0.00390625]",,7
139,"[ 0.21875  0.40625 -0.34375  0.21875  0.46875 -0.46875 -0.03125 -0.34375
 -0.40625 -0.21875]",,7
140,"[-0.21875 -0.40625  0.34375 -0.21875 -0.46875  0.46875  0.03125  0.34375
  0.40625  0.21875]",,7
141,"[ 0.30859375 -0.10546875  0.42578125  0.05859375  0.21484375  0.03515625
 -0.47265625 -0.44921875  0.23046875  0.44140625]",,7
142,"[-0.30859375  0.10546875 -0.42578125 -0.05859375 -0.21484375 -0.03515625
  0.47265625  0.44921875 -0.23046875 -0.44140625]",,7
143,"[-0.359375  0.046875 -0.078125 -0.359375  0.015625 -0.015625 -0.234375
  0.421875  0.453125  0.359375]",,8
144,"[ 0.359375 -0.046875  0.078125  0.359375 -0.015625  0.015625  0.234375
 -0.421875 -0.453125 -0.359375]",,7
145,"[-0.3671875 -0.0390625 -0.1015625  0.1328125 -0.1796875 -0.3203125
  0.1953125 -0.3515625 -0.2109375 -0.1328125]",,8
146,"[ 0.3671875  0.0390625  0.1015625 -0.1328125  0.1796875  0.3203125
 -0.1953125  0.3515625  0.2109375  0.1328125]",,7
147,"[-0.3515625  0.1328125 -0.0546875  0.1484375  0.2109375  0.2890625
  0.3359375  0.1953125  0.1171875 -0.1484375]",,7
148,"[ 0.3515625 -0.1328125  0.0546875 -0.1484375 -0.2109375 -0.2890625
 -0.3359375 -0.1953125 -0.1171875  0.1484375]",,7
149,"[ 0.31640625 -0.01953125  0.44921875 -0.43359375  0.41015625  0.33984375
  0.09765625  0.32421875 -0.10546875 -0.06640625]",,8
150,"[-0.31640625  0.01953125 -0.44921875  0.43359375 -0.41015625 -0.33984375
 -0.09765625 -0.32421875  0.10546875  0.06640625]",,7
151,"[ 0.29296875 -0.27734375  0.37890625  0.04296875 -0.17578125  0.42578125
  0.38671875  0.00390625 -0.09765625  0.45703125]",,7
152,"[-0.29296875  0.27734375 -0.37890625 -0.04296875  0.17578125 -0.42578125
 -0.38671875 -0.00390625  0.09765625 -0.45703125]",,7
153,"[ 0.30078125 -0.19140625  0.40234375 -0.44921875  0.01953125 -0.26953125
 -0.04296875 -0.22265625 -0.43359375 -0.05078125]",,7
154,"[-0.30078125  0.19140625 -0.40234375  0.44921875 -0.01953125  0.26953125
  0.04296875  0.22265625  0.43359375  0.05078125]",,7
155,"[-0.296875 -0.265625  0.109375 -0.296875 -0.421875  0.421875  0.328125
 -0.390625 -0.234375  0.296875]",,8
156,"[ 0.296875  0.265625 -0.109375  0.296875  0.421875 -0.421875 -0.328125
  0.390625  0.234375 -0.296875]",,7
157,"[ 0.32421875  0.06640625  0.47265625  0.07421875 -0.39453125 -0.35546875
 -0.33203125  0.09765625 -0.44140625  0.42578125]",,8
158,"[-0.32421875 -0.06640625 -0.47265625 -0.07421875  0.39453125  0.35546875
  0.33203125 -0.09765625  0.44140625 -0.42578125]",,7
159,"[-0.2265625 -0.4921875  0.3203125  0.2734375  0.3359375  0.1640625
  0.4609375 -0.4296875 -0.2578125 -0.2734375]",,8
160,"[ 0.2265625  0.4921875 -0.3203125 -0.2734375 -0.3359375 -0.1640625
 -0.4609375  0.4296875  0.2578125  0.2734375]",,7
161,"[ 0.3046875  0.3515625 -0.0859375 -0.1953125 -0.3828125 -0.1171875
  0.2421875  0.1640625 -0.1015625  0.1953125]",,8
162,"[-0.3046875 -0.3515625  0.0859375  0.1953125  0.3828125  0.1171875
 -0.2421875 -0.1640625  0.1015625 -0.1953125]",,8
163,"[ 0.34375 -0.21875  0.03125  0.34375 -0.40625  0.40625  0.09375  0.03125
  0.21875 -0.34375]",,7
164,"[-0.34375  0.21875 -0.03125 -0.34375  0.40625 -0.40625 -0.09375 -0.03125
 -0.21875  0.34375]",,7
165,"[ 0.3359375 -0.3046875  0.0078125 -0.1640625  0.3984375  0.1015625
 -0.4765625  0.2578125 -0.4453125  0.1640625]",,7
166,"[-0.3359375  0.3046875 -0.0078125  0.1640625 -0.3984375 -0.1015625
  0.4765625 -0.2578125  0.4453125 -0.1640625]",,7
167,"[-0.33203125 -0.15234375 -0.49609375  0.41796875  0.19921875  0.05078125
 -0.23828125  0.12890625 -0.22265625  0.08203125]",,8
168,"[ 0.33203125  0.15234375  0.49609375 -0.41796875 -0.19921875 -0.05078125
  0.23828125 -0.12890625  0.22265625 -0.08203125]",,7
169,"[ 0.27734375 -0.44921875  0.33203125  0.02734375  0.43359375 -0.18359375
  0.24609375  0.45703125 -0.42578125  0.47265625]",,7
170,"[-0.27734375  0.44921875 -0.33203125 -0.02734375 -0.43359375  0.18359375
 -0.24609375 -0.45703125  0.42578125 -0.47265625]",,7
171,"[ 0.28515625 -0.36328125  0.35546875 -0.46484375 -0.37109375  0.12109375
 -0.18359375  0.23046875  0.23828125 -0.03515625]",,7
172,"[-0.28515625  0.36328125 -0.35546875  0.46484375  0.37109375 -0.12109375
  0.18359375 -0.23046875 -0.23828125  0.03515625]",,7
173,"[-0.3125 -0.4375  0.0625 -0.3125  0.1875 -0.1875  0.1875  0.0625  0.4375
  0.3125]",,8
174,"[ 0.3125  0.4375 -0.0625  0.3125 -0.1875  0.1875 -0.1875 -0.0625 -0.4375
 -0.3125]",,7
175,"[-0.328125  0.390625  0.015625 -0.328125 -0.203125  0.203125  0.046875
 -0.484375  0.109375  0.328125]",,7
176,"[ 0.328125 -0.390625 -0.015625  0.328125  0.203125 -0.203125 -0.046875
  0.484375 -0.109375 -0.328125]",,7
177,"[ 0.33984375  0.23828125 -0.48046875  0.08984375 -0.00390625  0.25390625
 -0.19140625 -0.35546875 -0.11328125  0.41015625]",,8
178,"[-0.33984375 -0.23828125  0.48046875 -0.08984375  0.00390625 -0.25390625
  0.19140625  0.35546875  0.11328125 -0.41015625]",,8
179,[ 0.375  0.125  0.125  0.375  0.375 -0.375  0.375  0.125 -0.125 -0.375],,8
180,[-0.375 -0.125 -0.125 -0.375 -0.375  0.375 -0.375 -0.125  0.125  0.375],,8
181,"[ 0.41015625  0.01171875 -0.26953125 -0.33984375 -0.24609375 -0.00390625
 -0.05859375 -0.39453125 -0.13671875 -0.16015625]",,8
182,"[-0.41015625 -0.01171875  0.26953125  0.33984375  0.24609375  0.00390625
  0.05859375  0.39453125  0.13671875  0.16015625]",,8
183,"[-0.3203125  0.4765625  0.0390625  0.1796875 -0.0078125 -0.4921875
 -0.3828125  0.2890625 -0.2265625 -0.1796875]",,7
184,"[ 0.3203125 -0.4765625 -0.0390625 -0.1796875  0.0078125  0.4921875
  0.3828125 -0.2890625  0.2265625  0.1796875]",,7
185,"[ 0.26953125  0.46484375  0.30859375 -0.48046875  0.23828125 -0.48828125
 -0.32421875 -0.31640625 -0.08984375 -0.01953125]",,8
186,"[-0.26953125 -0.46484375 -0.30859375  0.48046875 -0.23828125  0.48828125
  0.32421875  0.31640625  0.08984375  0.01953125]",,8
187,"[ 0.3828125  0.2109375  0.1484375 -0.1171875 -0.4296875 -0.0703125
 -0.0546875 -0.1015625 -0.4609375  0.1171875]",,8
188,"[-0.3828125 -0.2109375 -0.1484375  0.1171875  0.4296875  0.0703125
  0.0546875  0.1015625  0.4609375 -0.1171875]",,8
189,"[-0.40234375  0.07421875  0.29296875 -0.15234375  0.44140625  0.30859375
 -0.37109375  0.16796875 -0.19921875 -0.34765625]",,8
190,"[ 0.40234375 -0.07421875 -0.29296875  0.15234375 -0.44140625 -0.30859375
  0.37109375 -0.16796875  0.19921875  0.34765625]",,8
191,"[ 0.41796875  0.09765625 -0.24609375  0.16796875 -0.05078125  0.30078125
 -0.48828125  0.37890625 -0.47265625  0.33203125]",,9
192,"[-0.41796875 -0.09765625  0.24609375 -0.16796875  0.05078125 -0.30078125
  0.48828125 -0.37890625  0.47265625 -0.33203125]",,8
193,"[-0.38671875  0.24609375  0.33984375 -0.13671875 -0.16796875 -0.08203125
 -0.23046875 -0.28515625  0.12890625 -0.36328125]",,8
194,"[ 0.38671875 -0.24609375 -0.33984375  0.13671875  0.16796875  0.08203125
  0.23046875  0.28515625 -0.12890625  0.36328125]",,7
195,"[-0.39453125  0.16015625  0.31640625  0.35546875 -0.36328125 -0.38671875
  0.19921875 -0.05859375  0.46484375  0.14453125]",,8
196,"[ 0.39453125 -0.16015625 -0.31640625 -0.35546875  0.36328125  0.38671875
 -0.19921875  0.05859375 -0.46484375 -0.14453125]",,7
197,"[-0.4453125  0.1015625 -0.3359375  0.0546875 -0.1328125 -0.3671875
  0.4921875 -0.0859375  0.1484375 -0.0546875]",,8
198,"[ 0.4453125 -0.1015625  0.3359375 -0.0546875  0.1328125  0.3671875
 -0.4921875  0.0859375 -0.1484375  0.0546875]",,8
199,"[-0.42578125 -0.18359375  0.22265625  0.32421875 -0.14453125  0.39453125
 -0.08203125 -0.15234375 -0.19140625  0.17578125]",,8
200,"[ 0.42578125  0.18359375 -0.22265625 -0.32421875  0.14453125 -0.39453125
  0.08203125  0.15234375  0.19140625 -0.17578125]",,8
201,"[ 0.35546875  0.41015625 -0.43359375  0.10546875  0.38671875 -0.13671875
 -0.05078125  0.19140625  0.21484375  0.39453125]",,8
202,"[-0.35546875 -0.41015625  0.43359375 -0.10546875 -0.38671875  0.13671875
  0.05078125 -0.19140625 -0.21484375 -0.39453125]",,8
203,"[ 0.34765625  0.32421875 -0.45703125 -0.40234375  0.19140625 -0.44140625
  0.37890625  0.41796875 -0.44921875 -0.09765625]",,8
204,"[-0.34765625 -0.32421875  0.45703125  0.40234375 -0.19140625  0.44140625
 -0.37890625 -0.41796875  0.44921875  0.09765625]",,8
205,"[ 0.390625  0.296875  0.171875  0.390625 -0.234375  0.234375 -0.484375
 -0.328125  0.203125 -0.390625]",,8
206,"[-0.390625 -0.296875 -0.171875 -0.390625  0.234375 -0.234375  0.484375
  0.328125 -0.203125  0.390625]",,8
207,"[ 0.49609375 -0.04296875 -0.01171875  0.24609375 -0.09765625  0.34765625
  0.21484375  0.11328125  0.16796875  0.25390625]",,8
208,"[-0.49609375  0.04296875  0.01171875 -0.24609375  0.09765625 -0.34765625
 -0.21484375 -0.11328125 -0.16796875 -0.25390625]",,8
209,"[-0.3984375 -0.3828125 -0.1953125  0.1015625  0.0390625  0.4609375
 -0.0859375 -0.4453125  0.1328125 -0.1015625]",,9
210,"[ 0.3984375  0.3828125  0.1953125 -0.1015625 -0.0390625 -0.4609375
  0.0859375  0.4453125 -0.1328125  0.1015625]",,8
211,"[ 0.37890625 -0.33203125 -0.36328125 -0.37109375 -0.02734375 -0.22265625
 -0.33984375 -0.48828125  0.20703125 -0.12890625]",,8
212,"[-0.37890625  0.33203125  0.36328125  0.37109375  0.02734375  0.22265625
  0.33984375  0.48828125 -0.20703125  0.12890625]",,8
213,"[-0.4609375 -0.0703125 -0.3828125  0.0390625  0.4765625  0.0234375
  0.3515625  0.3671875 -0.1796875 -0.0390625]",,9
214,"[ 0.4609375  0.0703125  0.3828125 -0.0390625 -0.4765625 -0.0234375
 -0.3515625 -0.3671875  0.1796875  0.0390625]",,8
215,"[-0.453125  0.015625 -0.359375 -0.453125 -0.328125  0.328125 -0.078125
  0.140625  0.484375  0.453125]",,8
216,"[ 0.453125 -0.015625  0.359375  0.453125  0.328125 -0.328125  0.078125
 -0.140625 -0.484375 -0.453125]",,8
217,"[ 0.37109375 -0.41796875 -0.38671875  0.12109375 -0.22265625  0.47265625
  0.08984375 -0.26171875 -0.45703125  0.37890625]",,8
218,"[-0.37109375  0.41796875  0.38671875 -0.12109375  0.22265625 -0.47265625
 -0.08984375  0.26171875  0.45703125 -0.37890625]",,7
219,"[-0.4375  0.1875 -0.3125 -0.4375  0.0625 -0.0625  0.0625 -0.3125 -0.1875
  0.4375]",,8
220,"[ 0.4375 -0.1875  0.3125  0.4375 -0.0625  0.0625 -0.0625  0.3125  0.1875
 -0.4375]",,8
221,"[ 0.43359375  0.26953125 -0.19921875  0.18359375  0.33984375 -0.08984375
 -0.34765625 -0.07421875 -0.14453125  0.31640625]",,9
222,"[-0.43359375 -0.26953125  0.19921875 -0.18359375 -0.33984375  0.08984375
  0.34765625  0.07421875  0.14453125 -0.31640625]",,8
223,"[ 0.4296875 -0.2734375  0.2890625 -0.0703125 -0.2578125 -0.2421875
  0.3671875 -0.4609375 -0.4765625  0.0703125]",,8
224,"[-0.4296875  0.2734375 -0.2890625  0.0703125  0.2578125  0.2421875
 -0.3671875  0.4609375  0.4765625 -0.0703125]",,8
225,"[ 0.48828125 -0.12890625 -0.03515625 -0.26171875 -0.29296875  0.04296875
 -0.35546875  0.33984375 -0.49609375 -0.23828125]",,8
226,"[-0.48828125  0.12890625  0.03515625  0.26171875  0.29296875 -0.04296875
  0.35546875 -0.33984375  0.49609375  0.23828125]",,8
227,"[-0.4140625  0.4453125 -0.2421875  0.0859375 -0.3515625 -0.1484375
 -0.2265625  0.0078125 -0.1953125 -0.0859375]",,8
228,"[ 0.4140625 -0.4453125  0.2421875 -0.0859375  0.3515625  0.1484375
  0.2265625 -0.0078125  0.1953125  0.0859375]",,7
229,"[-0.36328125 -0.49609375  0.41015625  0.38671875  0.41796875 -0.16796875
  0.48046875  0.03515625  0.12109375  0.11328125]",,8
230,"[ 0.36328125  0.49609375 -0.41015625 -0.38671875 -0.41796875  0.16796875
 -0.48046875 -0.03515625 -0.12109375 -0.11328125]",,8
231,"[-0.48046875  0.21484375  0.05859375 -0.23046875  0.48828125  0.26171875
 -0.07421875  0.43359375  0.16015625 -0.26953125]",,8
232,"[ 0.48046875 -0.21484375 -0.05859375  0.23046875 -0.48828125 -0.26171875
  0.07421875 -0.43359375 -0.16015625  0.26953125]",,8
233,"[ 0.40625  0.46875  0.21875  0.40625  0.15625 -0.15625 -0.34375  0.21875
 -0.46875 -0.40625]",,9
234,"[-0.40625 -0.46875 -0.21875 -0.40625 -0.15625  0.15625  0.34375 -0.21875
  0.46875  0.40625]",,8
235,"[ 0.46484375 -0.38671875 -0.10546875  0.21484375  0.12109375  0.12890625
 -0.06640625  0.01953125 -0.48828125  0.28515625]",,8
236,"[-0.46484375  0.38671875  0.10546875 -0.21484375 -0.12109375 -0.12890625
  0.06640625 -0.01953125  0.48828125 -0.28515625]",,8
237,"[-0.44140625 -0.35546875  0.17578125  0.30859375  0.46484375 -0.21484375
 -0.22265625  0.30078125  0.48046875  0.19140625]",,9
238,"[ 0.44140625  0.35546875 -0.17578125 -0.30859375 -0.46484375  0.21484375
  0.22265625 -0.30078125 -0.48046875 -0.19140625]",,8
239,"[-0.421875  0.359375 -0.265625 -0.421875  0.453125 -0.453125  0.203125
  0.234375  0.140625  0.421875]",,8
240,"[ 0.421875 -0.359375  0.265625  0.421875 -0.453125  0.453125 -0.203125
 -0.234375 -0.140625 -0.421875]",,7
241,"[ 0.4765625  0.2421875  0.4296875 -0.0234375 -0.0859375 -0.4140625
 -0.2109375  0.1796875 -0.4921875  0.0234375]",,9
242,"[-0.4765625 -0.2421875 -0.4296875  0.0234375  0.0859375  0.4140625
  0.2109375 -0.1796875  0.4921875 -0.0234375]",,9
243,"[-0.47265625  0.30078125  0.08203125  0.27734375 -0.31640625 -0.43359375
  0.49609375  0.20703125 -0.17578125  0.22265625]",,8
244,"[ 0.47265625 -0.30078125 -0.08203125 -0.27734375  0.31640625  0.43359375
 -0.49609375 -0.20703125  0.17578125 -0.22265625]",,8
245,"[ 0.46875  0.15625  0.40625  0.46875 -0.28125  0.28125  0.21875  0.40625
 -0.15625 -0.46875]",,9
246,"[-0.46875 -0.15625 -0.40625 -0.46875  0.28125 -0.28125 -0.21875 -0.40625
  0.15625  0.46875]",,8
247,"[ 0.44921875  0.44140625 -0.15234375  0.19921875 -0.26953125 -0.48046875
 -0.20703125  0.47265625  0.18359375  0.30078125]",,8
248,"[-0.44921875 -0.44140625  0.15234375 -0.19921875  0.26953125  0.48046875
  0.20703125 -0.47265625 -0.18359375 -0.30078125]",,9
249,"[-0.45703125  0.47265625  0.12890625  0.29296875  0.07421875  0.17578125
 -0.36328125 -0.24609375  0.15234375  0.20703125]",,8
250,"[ 0.45703125 -0.47265625 -0.12890625 -0.29296875 -0.07421875 -0.17578125
  0.36328125  0.24609375 -0.15234375 -0.20703125]",,8
251,"[ 0.484375  0.328125  0.453125  0.484375  0.109375 -0.109375  0.359375
 -0.046875  0.171875 -0.484375]",,9
252,"[-0.484375 -0.328125 -0.453125 -0.484375 -0.109375  0.109375 -0.359375
  0.046875 -0.171875  0.484375]",,9
253,"[ 0.4921875  0.4140625  0.4765625 -0.0078125  0.3046875  0.1953125
 -0.0703125 -0.2734375 -0.1640625  0.0078125]",,9
254,"[-0.4921875 -0.4140625 -0.4765625  0.0078125 -0.3046875 -0.1953125
  0.0703125  0.2734375  0.1640625 -0.0078125]",,9
255,[-0.5 -0.5 -0.5 -0.5 -0.5 -0.5 -0.5 -0.5 -0.5 -0.5],,10
